[finger_2, thumb]:
  PrimitiveType: 0
  ActionName: pinchTight
  JointsInvolvedCount:
    LFB1__LFP1_1: 0
    LFB2__LFP2_1: 1
    LFB3__LFP3_1: 0
    SFB1__SFP1_1: 1
  ActionState_1:
    JointPos:
      LFB1__LFP1_1: [0]
      LFB2__LFP2_1: [0.4947255882434547]
      LFB3__LFP3_1: [0]
      SFB1__SFP1_1: [0.4365487303584814]
    Optional:
      MoveItContact:
        body_name_1: LFP2_3
        body_name_2: SFP1_2
        body_type_1: 0
        body_type_2: 0
        depth: 0.002024735382446506
        normal: [0.9999999999629137, 7.185904287165812e-06, 4.747160487423983e-06]
        pos: [-0.009499312563138554, -0.01436895785476821, 0.2062897184521456]
  ActionState_2:
    JointPos:
      LFB1__LFP1_1: [0]
      LFB2__LFP2_1: [0.4923695528879761]
      LFB3__LFP3_1: [0]
      SFB1__SFP1_1: [0.4221940447576344]
    Optional:
      MoveItContact:
        body_name_1: LFP2_3
        body_name_2: SFP1_2
        body_type_1: 0
        body_type_2: 0
        depth: 0.001383355773831904
        normal: [-0.01668480861027982, -0.7002918684250083, -0.7136616258279888]
        pos: [-0.01152405106051222, -0.01685472253528749, 0.2107086377619937]
  ActionState_3:
    JointPos:
      LFB1__LFP1_1: [0]
      LFB2__LFP2_1: [0.4973403593990952]
      LFB3__LFP3_1: [0]
      SFB1__SFP1_1: [0.3906764676328748]
    Optional:
      MoveItContact:
        body_name_1: SFP1_2
        body_name_2: LFP2_3
        body_type_1: 0
        body_type_2: 0
        depth: 0.001234597063626088
        normal: [-0.004395914414687424, 0.8879541394093298, 0.4599109938263005]
        pos: [0.01160075899008654, -0.02079273842880344, 0.2132406547295636]

